688 886
101 762
101 762
101 762
101 762
101 762
101 762
101 762
101 762
101 762
101 762
101 762
101 762
101 762
101 762
102 762
102 762
102 762
102 762
102 762
102 762
103 762
103 762
103 762
103 762
104 762
104 762
104 762
104 762
105 762
105 762
105 762
106 762
106 762
106 762
107 762
107 762
107 762
108 762
108 762
109 763
109 763
109 763
110 763
110 763
111 763
111 763
112 764
112 764
112 764
113 764
113 764
114 765
114 765
115 765
115 765
116 766
117 766
117 766
118 767
118 767
119 767
119 767
120 768
120 768
121 768
122 769
122 769
123 769
124 770
124 770
125 770
126 771
126 771
127 771
128 772
128 772
129 772
130 773
131 773
131 773
132 774
133 774
134 775
134 775
135 775
136 776
137 776
138 777
138 777
139 778
140 778
141 778
142 779
143 779
144 780
145 780
145 781
146 781
147 782
148 782
149 782
150 783
151 783
152 784
153 784
154 785
155 785
156 786
157 786
158 787
159 788
160 788
161 789
162 789
163 790
164 790
165 791
167 791
168 792
169 792
170 793
171 794
172 794
173 795
175 795
176 796
177 797
178 797
179 798
181 798
182 799
183 800
184 800
186 801
187 802
188 802
189 803
191 804
192 804
193 805
195 806
196 806
197 807
199 808
200 808
202 808
203 809
205 809
206 809
208 809
209 809
211 809
213 809
214 809
216 809
217 808
219 808
221 807
222 807
224 806
225 805
227 804
228 803
229 802
231 801
232 800
233 798
234 797
235 795
236 794
237 793
238 791
239 790
241 788
242 787
243 785
244 784
245 782
246 781
247 779
248 778
250 776
251 775
252 773
253 771
254 770
255 768
257 767
258 765
259 764
260 762
261 760
263 759
264 757
265 755
266 754
267 752
269 751
270 749
271 747
273 745
274 744
275 742
276 740
278 739
279 737
280 735
282 733
283 732
284 730
285 728
287 727
288 725
289 723
290 722
292 720
293 718
294 717
295 715
296 714
298 712
299 710
300 709
301 707
302 706
304 704
305 703
306 701
307 699
308 698
310 697
311 696
313 695
315 694
316 693
318 692
320 691
321 691
323 690
325 690
327 690
329 690
331 690
333 690
335 690
337 690
338 690
340 690
342 690
344 690
346 690
348 690
350 690
351 690
353 690
355 690
357 690
359 690
361 690
363 690
365 690
366 690
368 690
370 690
372 690
374 690
376 690
378 690
379 690
381 690
383 690
385 690
387 690
389 690
391 690
392 690
393 690
393 690
394 690
394 690
395 690
396 690
398 690
400 690
402 690
404 691
405 692
407 692
409 693
410 694
412 695
413 696
415 697
417 698
418 699
420 700
421 701
423 702
424 704
426 705
427 706
429 707
430 708
432 709
433 710
435 711
437 712
438 713
440 714
441 715
443 716
444 717
446 718
447 719
449 720
450 721
452 722
453 723
455 724
457 725
458 726
459 727
459 727
460 728
462 729
463 730
465 731
466 733
467 734
468 736
469 737
470 739
470 740
471 742
471 744
472 745
472 747
472 749
473 751
473 752
473 754
472 756
472 757
472 759
471 760
471 762
470 763
470 765
469 766
468 768
467 769
466 770
465 771
464 773
463 774
462 775
461 776
460 776
458 777
457 778
456 779
455 779
453 780
452 780
451 781
449 781
448 781
446 782
445 782
444 782
442 782
441 782
440 782
438 782
437 781
436 781
435 781
433 780
432 780
431 780
430 779
429 779
428 778
427 777
426 777
425 776
424 775
423 774
422 774
421 773
420 772
420 771
419 770
418 769
418 769
417 768
417 767
416 766
416 765
415 764
415 763
414 762
414 761
414 760
413 759
413 758
413 757
413 756
413 755
413 754
413 754
413 753
413 752
413 751
413 750
413 749
413 748
413 747
413 747
413 746
413 745
413 744
413 743
413 743
413 742
413 741
413 740
413 740
413 739
414 738
414 737
414 737
414 736
414 735
414 735
414 734
414 733
414 733
414 732
414 732
414 731
414 731
414 730
414 729
414 729
414 728
414 728
414 727
414 727
414 726
414 726
414 725
415 725
415 724
415 724
415 724
415 723
415 723
415 722
415 722
415 722
415 721
415 721
415 721
415 720
415 720
415 720
415 719
415 719
415 719
415 719
415 718
415 718
415 718
415 718
415 717
415 717
415 717
415 717
415 717
415 717
415 716
415 716
415 716
415 716
415 716
415 716
415 716
415 716
415 716
415 716
415 716
415 716
415 716
415 716
415 716
415 716
415 716
415 716
415 715
415 715
415 715
415 715
415 715
415 715
415 715
415 715
415 715
415 714
415 714
415 714
415 714
415 714
415 713
416 713
416 713
416 713
416 712
416 712
416 712
416 712
416 711
416 711
416 711
416 710
416 710
416 710
416 710
416 710
416 710
416 710
416 710
416 710
416 709
416 709
417 708
417 708
417 708
417 707
417 707
417 706
417 706
417 705
417 705
417 704
417 704
417 703
417 703
417 702
417 702
417 701
417 701
417 700
417 700
417 699
417 698
417 698
417 697
417 697
417 696
417 695
416 695
416 694
416 693
416 693
416 692
415 691
415 691
415 691
415 691
415 691
415 691
415 691
415 691
415 691
415 691
415 691
415 691
415 691
415 690
415 689
414 689
414 688
414 687
414 686
414 686
414 685
413 684
413 683
413 682
413 681
413 681
413 680
413 679
413 678
413 677
413 676
414 675
414 674
414 673
414 672
414 671
415 670
415 670
415 669
416 668
416 667
416 666
417 665
417 664
417 663
418 661
418 660
418 659
419 658
419 657
419 656
420 655
420 654
420 653
421 652
421 650
421 649
422 648
422 647
423 646
423 645
424 644
425 643
425 642
426 641
427 640
428 639
429 638
430 637
431 636
432 635
433 634
434 634
436 633
437 632
438 632
439 631
441 631
442 630
444 630
445 630
447 630
448 630
450 630
451 630
453 630
454 630
456 630
457 630
459 631
460 631
462 632
463 633
464 633
466 634
467 635
468 636
470 637
471 638
472 640
473 641
474 642
475 644
476 645
477 647
477 648
478 650
478 651
479 653
479 655
479 657
479 658
479 660
479 662
479 664
479 666
478 667
478 669
477 671
476 673
476 674
475 676
474 677
472 679
471 680
470 681
469 683
467 684
466 685
464 686
462 687
461 687
459 688
457 689
455 689
454 689
452 689
450 689
448 690
446 690
444 690
442 690
440 690
439 690
437 690
435 690
433 690
431 690
429 690
428 690
426 690
424 690
422 690
420 690
418 690
416 690
414 690
413 690
411 690
409 690
407 690
405 690
403 690
401 690
399 690
397 690
395 690
393 690
391 690
390 690
389 690
387 690
385 690
383 690
381 691
379 691
377 692
375 693
373 694
371 696
370 697
368 698
367 700
365 702
364 703
363 705
362 707
361 709
361 711
360 713
360 715
360 717
360 719
360 721
360 723
360 725
360 726
361 728
361 730
362 732
363 734
364 735
365 737
366 738
367 740
369 741
370 742
372 744
373 745
375 746
376 746
378 747
379 748
381 749
383 750
384 750
386 751
387 752
389 753
390 753
392 754
393 755
395 756
396 756
398 757
399 758
401 759
402 759
404 760
405 761
406 762
408 762
409 763
411 764
412 764
413 765
415 766
416 766
417 767
419 768
420 768
421 769
423 770
424 770
425 771
427 772
428 772
429 773
430 773
432 774
433 775
434 775
435 776
436 777
438 777
439 778
440 778
441 779
442 779
443 780
444 781
446 781
447 782
448 782
449 783
450 783
451 784
452 784
453 785
454 785
455 786
456 786
457 787
458 787
459 788
460 788
461 789
462 789
463 790
464 790
465 791
466 791
467 792
468 792
468 793
469 793
470 793
471 794
472 794
473 795
474 795
474 795
475 796
476 796
477 797
478 797
478 797
479 798
480 798
481 799
481 799
482 799
483 800
483 800
484 800
485 801
485 801
486 801
487 802
487 802
488 802
489 803
489 803
490 803
491 804
491 804
492 804
492 804
493 805
493 805
494 805
494 805
495 806
495 806
496 806
496 806
497 807
497 807
498 807
498 807
499 807
499 808
500 808
500 808
500 808
501 808
501 808
502 808
502 809
502 809
503 809
503 809
504 809
504 809
504 809
504 809
505 809
505 809
505 809
506 809
506 809
506 809
506 809
507 809
507 809
507 809
507 809
507 809
508 809
508 809
508 809
508 809
508 809
508 809
508 809
509 809
509 809
509 809
509 809
509 809
509 809
509 809
509 809
509 809
