688 886
56 59
56 59
56 59
56 59
56 59
56 59
56 59
56 59
56 59
56 59
56 59
56 59
56 59
57 59
57 59
57 59
57 59
57 59
57 59
58 59
58 59
58 59
58 59
58 59
59 59
59 59
59 59
60 59
60 59
60 59
60 59
61 59
61 59
61 59
62 59
62 59
62 59
63 59
63 58
64 58
64 58
64 58
65 58
65 58
66 58
66 58
67 57
67 57
68 57
68 57
69 57
69 57
70 56
70 56
71 56
71 56
72 56
72 55
73 55
73 55
74 55
75 55
75 54
76 54
76 54
77 54
78 53
78 53
79 53
80 53
80 52
81 52
82 52
82 52
83 51
84 51
85 51
85 51
86 50
87 50
88 50
89 49
89 49
90 49
91 49
92 48
93 48
94 48
94 47
95 47
96 47
97 46
98 46
99 46
100 45
101 45
102 45
103 44
104 44
105 44
106 43
107 43
108 43
109 42
110 42
111 41
112 41
113 41
114 40
115 40
116 40
117 39
118 39
120 38
121 38
122 38
123 37
124 37
125 36
127 36
128 35
129 35
130 35
131 34
133 34
134 33
135 33
136 32
138 32
139 31
140 31
142 31
143 30
144 30
146 30
147 30
149 30
150 30
151 30
153 30
154 30
156 30
157 31
159 31
160 31
162 32
163 33
164 33
166 34
167 35
168 36
169 37
171 38
172 39
173 41
174 42
175 43
176 45
177 46
178 47
179 49
180 50
181 51
182 53
183 54
184 56
185 57
186 58
187 60
188 61
189 63
190 64
191 66
193 67
194 69
195 70
196 72
197 73
198 75
199 76
200 78
201 79
203 81
204 82
205 84
206 85
207 87
209 89
210 90
211 91
213 93
214 95
215 96
216 98
217 100
217 102
218 104
219 106
220 108
221 110
222 112
223 114
224 116
225 118
225 119
226 121
227 123
228 125
229 127
230 129
231 131
232 133
233 135
234 137
235 140
236 142
237 144
238 146
239 148
240 150
241 152
242 154
243 156
243 158
244 160
245 162
246 164
247 166
248 168
249 170
250 172
251 174
252 176
253 178
254 180
255 182
255 184
256 186
257 187
258 189
259 191
260 193
261 195
262 197
262 199
263 201
264 203
265 204
266 206
268 208
269 209
270 210
272 212
273 213
275 215
276 216
278 218
279 219
280 220
282 222
283 223
285 225
286 226
288 228
289 229
291 231
292 232
294 234
295 235
297 237
298 238
300 240
302 242
303 243
305 245
306 246
308 248
309 249
311 251
313 253
314 254
316 256
317 257
319 259
321 261
322 262
324 264
326 266
327 267
329 269
330 271
332 272
333 274
334 276
336 278
336 280
337 282
338 284
339 286
340 288
341 290
342 292
343 294
344 296
345 298
346 300
347 302
348 304
348 306
349 308
350 310
351 311
352 313
353 315
354 317
355 319
355 321
356 323
357 324
358 326
359 328
360 330
360 332
361 333
362 335
363 337
364 339
365 340
365 342
366 344
367 346
368 347
369 349
369 351
370 352
371 354
372 356
372 357
373 359
374 361
375 362
376 364
376 366
377 367
378 369
379 371
380 372
380 374
381 376
382 377
383 379
383 381
384 382
385 384
386 386
387 387
388 388
390 390
391 391
392 392
394 394
395 395
396 396
398 398
399 399
400 400
402 402
403 403
405 405
406 406
407 407
409 409
410 410
412 412
413 413
414 414
416 416
417 417
419 419
420 420
422 422
423 423
425 425
426 426
428 428
429 429
431 431
432 432
434 434
435 435
437 437
438 438
440 440
441 441
443 443
445 445
446 446
448 448
449 449
451 451
453 453
454 454
456 456
457 457
459 459
461 461
462 462
464 464
466 466
467 467
469 469
470 470
472 472
474 474
475 475
477 477
479 479
480 480
482 482
483 483
485 485
487 487
488 488
490 490
492 492
493 493
495 495
496 496
498 498
500 500
501 501
503 503
505 505
506 506
508 508
510 510
510 510
510 510
510 510
510 510
510 510
510 510
510 510
510 510
510 510
510 510
510 510
510 510
510 510
511 511
513 513
515 514
517 515
519 517
521 518
523 520
524 521
526 522
528 524
530 525
532 526
533 528
535 529
537 530
539 532
541 533
542 534
544 535
546 537
547 538
549 539
551 541
553 542
554 543
556 544
558 546
559 547
561 548
562 550
563 551
565 553
566 555
567 557
567 558
568 560
569 562
569 564
569 566
569 569
569 571
569 573
569 575
569 577
568 579
567 580
567 582
566 584
565 586
564 588
563 589
562 591
561 593
560 594
559 596
558 597
557 599
556 601
555 602
554 604
553 606
552 607
551 609
551 610
550 612
549 614
548 615
547 617
546 618
545 620
544 622
543 623
542 625
541 626
540 628
539 630
539 631
538 633
537 634
536 636
535 638
534 639
533 641
532 642
531 644
530 646
529 647
528 649
527 650
527 652
526 654
525 655
524 657
523 658
522 660
521 662
520 663
519 665
518 666
517 668
516 670
515 671
514 673
514 674
513 676
512 678
511 680
511 681
510 683
510 685
510 687
510 689
509 691
509 692
509 694
509 696
508 698
508 700
507 701
506 703
506 705
505 707
504 708
504 710
503 712
502 714
502 715
501 717
501 719
500 720
499 722
499 724
498 726
497 727
497 729
496 731
495 733
495 734
494 736
493 738
493 739
492 741
491 743
491 744
490 746
489 748
489 750
488 751
487 753
487 755
486 757
485 758
485 760
484 762
483 763
483 765
482 767
482 769
481 771
480 772
480 774
480 776
480 778
480 780
480 782
480 783
480 785
480 787
481 789
482 791
482 792
483 794
484 796
485 797
486 799
488 800
489 801
490 803
492 804
493 805
495 806
497 807
498 807
500 808
502 808
503 809
505 809
507 809
509 809
511 810
513 810
515 810
517 810
518 810
520 810
522 810
524 810
526 810
528 810
529 810
531 810
533 810
535 810
537 810
539 810
541 810
542 810
544 810
546 810
548 810
550 810
552 810
554 810
555 810
557 810
559 810
561 810
563 810
564 810
566 810
568 810
570 809
572 809
573 809
575 809
577 809
578 808
580 808
581 807
583 806
584 806
586 805
587 804
588 803
590 802
591 801
592 799
593 798
594 797
595 796
596 794
596 793
597 792
598 790
598 789
599 787
599 786
599 784
600 783
600 782
601 780
601 779
602 778
602 776
603 775
603 774
604 772
604 771
604 770
605 768
605 767
606 766
606 765
606 763
607 762
607 761
608 760
608 759
608 757
609 756
609 755
610 754
610 753
610 752
611 751
611 749
612 748
612 747
612 746
613 745
613 744
613 743
614 742
614 741
614 740
615 739
615 738
615 737
616 736
616 735
616 734
617 733
617 732
617 731
618 730
618 729
618 729
618 728
619 727
619 726
619 725
620 724
620 723
620 723
620 722
621 721
621 720
621 719
621 719
622 718
622 717
622 716
622 716
623 715
623 714
623 714
623 713
624 712
624 712
624 711
624 710
624 710
625 709
625 708
625 708
625 707
625 707
626 706
626 705
626 705
626 704
626 704
627 703
627 703
627 702
627 702
627 701
627 701
627 700
628 700
628 700
628 699
628 699
628 698
628 698
628 698
629 697
629 697
629 696
629 696
629 696
629 695
629 695
629 695
629 695
629 694
629 694
629 694
629 693
629 693
629 693
629 693
629 693
629 692
629 692
629 692
629 692
629 692
629 691
629 691
629 691
629 691
629 691
629 691
629 691
629 691
629 691
629 691
629 691
629 691
629 691
