688 886
262 370
262 370
262 370
262 370
262 370
262 370
262 370
262 370
262 370
262 370
262 370
262 370
262 370
262 370
263 370
263 370
263 370
263 370
263 370
263 370
264 370
264 370
264 370
264 370
265 370
265 370
265 370
265 370
266 370
266 370
266 370
267 370
267 370
267 370
268 370
268 370
268 370
269 370
269 370
270 371
270 371
270 371
271 371
271 371
272 371
272 371
273 372
273 372
273 372
274 372
274 372
275 373
275 373
276 373
276 373
277 374
277 374
278 374
278 375
279 375
279 375
280 376
280 376
281 377
281 377
282 378
282 378
283 379
283 379
284 380
284 380
285 381
285 381
286 382
286 383
287 383
287 384
288 385
288 385
288 386
289 387
289 387
290 388
290 389
291 390
291 390
292 391
292 392
293 393
293 394
294 394
294 395
295 396
295 397
296 398
296 399
297 399
297 400
298 401
299 402
299 403
300 404
300 405
301 406
301 407
302 407
303 408
303 409
304 410
304 411
305 412
306 413
306 414
307 415
308 416
308 417
309 418
310 419
310 420
311 422
312 423
312 424
313 425
314 426
314 427
315 428
316 429
317 430
317 432
318 433
319 434
320 435
320 436
321 437
322 439
323 440
323 441
324 442
325 444
326 445
326 446
327 447
328 448
329 449
331 451
332 452
333 453
334 454
335 455
336 456
337 457
338 458
339 459
341 461
342 462
343 463
344 464
345 465
346 466
348 468
349 469
350 470
351 471
352 472
354 474
355 475
356 476
357 477
359 479
360 480
361 481
363 483
364 484
365 485
366 486
368 488
369 489
370 490
372 492
373 493
374 494
376 496
377 497
378 498
379 499
381 501
382 502
383 503
385 505
386 506
387 507
389 509
390 510
391 511
392 512
394 514
395 515
396 516
398 518
399 519
400 520
402 522
403 523
404 524
406 526
407 527
408 528
409 529
411 531
412 532
413 533
415 535
416 536
417 537
419 539
420 540
421 541
422 542
424 544
425 545
426 546
428 548
429 549
430 550
431 551
433 553
434 554
435 555
437 557
438 558
439 559
441 561
442 562
443 563
445 565
446 566
447 567
448 568
450 570
451 571
452 573
453 574
454 576
455 577
456 579
457 581
457 583
458 584
458 586
458 588
458 590
458 592
458 593
458 595
458 597
457 599
457 601
456 603
456 604
455 606
455 608
454 610
454 611
453 613
452 615
452 617
451 619
451 620
450 622
450 624
450 626
450 628
450 630
450 631
450 633
450 635
450 637
451 638
451 640
452 642
453 643
454 645
455 646
456 648
457 649
458 650
459 652
460 653
461 654
463 655
464 657
465 658
466 659
467 660
468 661
469 662
470 664
471 665
472 666
474 667
475 668
476 669
477 670
478 671
479 673
480 674
481 675
482 676
483 677
484 678
485 679
486 680
487 681
488 682
489 683
489 684
490 685
491 686
492 687
493 688
494 689
495 690
496 691
497 692
498 693
498 694
499 695
500 695
501 696
502 697
503 698
503 699
504 700
505 701
506 702
507 702
507 703
508 704
509 705
510 706
511 707
511 707
512 708
513 709
513 710
514 710
515 711
516 712
516 713
517 713
518 714
518 715
519 716
520 716
520 717
521 718
522 718
522 719
523 720
523 720
524 721
525 721
525 722
526 723
526 723
527 724
527 725
528 725
529 726
529 726
530 727
530 727
531 728
531 728
532 729
532 730
533 730
533 731
534 731
534 731
535 732
535 732
536 733
536 733
537 733
537 734
538 734
538 734
539 735
539 735
540 735
540 735
541 736
541 736
542 736
542 736
542 736
543 737
543 737
544 737
544 737
545 737
545 737
545 737
546 737
546 738
546 738
547 738
547 738
547 738
548 738
548 738
548 738
549 738
549 738
549 738
550 738
550 738
550 738
550 738
550 738
551 738
551 738
551 738
551 738
551 738
552 738
552 738
552 738
552 738
552 738
552 738
552 738
552 738
552 738
552 738
552 738
552 738
552 738
552 738
